11-07-2025  , 1       , 2    ,160.0
11-07-2025  , 10      , 4    ,300.0
11-07-2025  , 4       , 8    ,640.0
11-07-2025  , 10      , 4    ,300.0
11-07-2025  , 2       , 3    ,360.0
11-07-2025  , 2       , 1    ,120.0
11-07-2025  , 2       , 8    ,960.0
11-07-2025  , 10      , 8    ,600.0
11-07-2025  , 9       , 2    ,90.0
11-07-2025  , 4       , 5    ,400.0
11-07-2025  , 9       , 9    ,405.0
11-07-2025  , 1       , 1    ,80.0
11-07-2025  , 5       , 10   ,500.0
11-07-2025  , 4       , 2    ,160.0
11-07-2025  , 2       , 3    ,360.0
11-07-2025  , 2       , 1    ,120.0
11-07-2025  , 8       , 8    ,2560.0
11-07-2025  , 8       , 1    ,320.0
11-07-2025  , 10      , 10   ,750.0
11-07-2025  , 7       , 2    ,24.0
11-07-2025  , 5       , 6    ,300.0
11-07-2025  , 2       , 8    ,960.0
11-07-2025  , 10      , 9    ,675.0
11-07-2025  , 8       , 6    ,1920.0
11-07-2025  , 3       , 4    ,160.0
11-07-2025  , 9       , 1    ,45.0
11-07-2025  , 6       , 6    ,900.0
11-07-2025  , 7       , 5    ,60.0
11-07-2025  , 5       , 1    ,50.0
11-07-2025  , 6       , 10   ,1500.0
11-07-2025  , 8       , 5    ,1600.0
11-07-2025  , 3       , 3    ,120.0
11-07-2025  , 10      , 4    ,300.0
11-07-2025  , 3       , 3    ,120.0
11-07-2025  , 6       , 7    ,1050.0
11-07-2025  , 8       , 4    ,1280.0
11-07-2025  , 4       , 2    ,160.0
11-07-2025  , 7       , 5    ,60.0
11-07-2025  , 8       , 2    ,640.0
11-07-2025  , 8       , 6    ,1920.0
11-07-2025  , 3       , 6    ,240.0
11-07-2025  , 3       , 10   ,400.0
11-07-2025  , 8       , 5    ,1600.0
11-07-2025  , 5       , 8    ,400.0
11-07-2025  , 3       , 1    ,40.0
11-07-2025  , 9       , 1    ,45.0
11-07-2025  , 6       , 7    ,1050.0
11-07-2025  , 10      , 3    ,225.0
11-07-2025  , 10      , 4    ,300.0
11-07-2025  , 3       , 7    ,280.0
11-07-2025  , 6       , 5    ,750.0
11-07-2025  , 8       , 1    ,320.0
11-07-2025  , 2       , 9    ,1080.0
11-07-2025  , 7       , 7    ,84.0
11-07-2025  , 6       , 8    ,1200.0
11-07-2025  , 1       , 9    ,720.0
11-07-2025  , 8       , 1    ,320.0
11-07-2025  , 7       , 5    ,60.0
11-07-2025  , 6       , 3    ,450.0
11-07-2025  , 5       , 7    ,350.0
11-07-2025  , 3       , 9    ,360.0
11-07-2025  , 3       , 5    ,200.0
11-07-2025  , 10      , 1    ,75.0
11-07-2025  , 2       , 8    ,960.0
11-07-2025  , 8       , 1    ,320.0
11-07-2025  , 8       , 1    ,320.0
11-07-2025  , 7       , 4    ,48.0
11-07-2025  , 3       , 1    ,40.0
11-07-2025  , 1       , 7    ,560.0
11-07-2025  , 3       , 7    ,280.0
11-07-2025  , 1       , 7    ,560.0
11-07-2025  , 6       , 1    ,150.0
11-07-2025  , 1       , 10   ,800.0
11-07-2025  , 7       , 1    ,12.0
11-07-2025  , 7       , 4    ,48.0
11-07-2025  , 4       , 3    ,240.0
11-07-2025  , 10      , 5    ,375.0
11-07-2025  , 9       , 1    ,45.0
11-07-2025  , 10      , 7    ,525.0
11-07-2025  , 1       , 7    ,560.0
11-07-2025  , 7       , 3    ,36.0
11-07-2025  , 8       , 3    ,960.0
11-07-2025  , 10      , 7    ,525.0
11-07-2025  , 9       , 5    ,225.0
11-07-2025  , 9       , 10   ,450.0
11-07-2025  , 3       , 8    ,320.0
11-07-2025  , 9       , 3    ,135.0
11-07-2025  , 5       , 4    ,200.0
11-07-2025  , 6       , 6    ,900.0
11-07-2025  , 1       , 5    ,400.0
11-07-2025  , 2       , 3    ,360.0
11-07-2025  , 1       , 2    ,160.0
11-07-2025  , 4       , 1    ,80.0
11-07-2025  , 2       , 2    ,240.0
11-07-2025  , 1       , 10   ,800.0
11-07-2025  , 2       , 8    ,960.0
11-07-2025  , 9       , 7    ,315.0
11-07-2025  , 1       , 7    ,560.0
11-07-2025  , 7       , 7    ,84.0
11-07-2025  , 6       , 8    ,1200.0
11-07-2025  , 7       , 3    ,33.0
11-07-2025  , 5       , 3    ,150.0
11-07-2025  , 8       , 3    ,390.0
11-07-2025  , 5       , 3    ,150.0
11-07-2025  , 2       , 3    ,360.0
11-07-2025  , 2       , 3    ,360.0
11-07-2025  , 7       , 3    ,33.0
11-07-2025  , 2       , 3    ,360.0
11-07-2025  , 3       , 5    ,200.0
11-07-2025  , 2       , 3    ,360.0
11-07-2025  , 2       , 2    ,240.0
12-07-2025  , 3       , 2    ,80.0
12-07-2025  , 3       , 6    ,240.0
12-07-2025  , 10      , 2    ,150.0
12-07-2025  , 6       , 3    ,600.0
12-07-2025  , 1       , 2    ,160.0
12-07-2025  , 3       , 2    ,80.0
12-07-2025  , 5       , 3    ,225.0
12-07-2025  , 5       , 3    ,225.0
12-07-2025  , 3       , 4    ,160.0
12-07-2025  , 4       , 3    ,240.0
12-07-2025  , 9       , 1    ,55.0
12-07-2025  , 5       , 2    ,150.0
13-07-2025  , 4       , 4    ,320.0
15-07-2025  , 3       , 2    ,80.0
15-07-2025  , 4       , 3    ,240.0
15-07-2025  , 4       , 2    ,160.0
18-07-2025  , 8       , 3    ,420.0
18-07-2025  , 3       , 5    ,200.0
18-07-2025  , 2       , 3    ,360.0
19-07-2025  , 3       , 2    ,80.0
19-07-2025  , 3       , 1    ,40.0
19-07-2025  , 7       , 2    ,22.0
19-07-2025  , 4       , 2    ,160.0
19-07-2025  , 1       , 2    ,160.0
19-07-2025  , 3       , 2    ,80.0
19-07-2025  , 3       , 2    ,80.0
12-08-2025  , 2       , 2    ,240.0
12-08-2025  , 5       , 2    ,150.0
12-08-2025  , 9       , 2    ,110.0
12-08-2025  , 2       , 1    ,120.0
12-08-2025  , 1       , 1    ,80.0
12-08-2025  , 1       , 2    ,160.0
12-08-2025  , 8       , 2    ,280.0
12-08-2025  , 7       , 4    ,44.0
12-08-2025  , 4       , 2    ,160.0
12-08-2025  , 2       , 3    ,360.0
12-08-2025  , 1       , 1    ,80.0
12-08-2025  , 3       , 8    ,320.0
12-08-2025  , 10      , 2    ,150.0
12-08-2025  , 8       , 2    ,280.0
22-08-2025  , 2       , 3    ,360.0
22-08-2025  , 3       , 2    ,80.0
22-08-2025  , 3       , 2    ,80.0
22-08-2025  , 2       , 32   , 3840.0  , 168
22-08-2025  , 1    , 10   , 800.0   , 190
22-08-2025  , 1    , 180  , 14400.0 , 10
22-08-2025  , 1    , 10   , 800.0   , 0
22-08-2025  , 2    , 168  , 20160.0 , 0
22-08-2025  , 3    , 200  , 8000.0  , 0
22-08-2025  , 4    , 200  , 16000.0 , 0
10-08-2025  , 6    , 10   , 2000.0  , 90
10-08-2025  , 9    , 100  , 5500.0  , 100
10-08-2025  , 1    , 10   , 800.0   , 490
10-08-2025  , 1    , 30   , 2400.0  , 460
10-08-2025  , 4    , 90   , 7200.0  , 410
10-08-2025  , 10   , 20   , 1500.0  , 480
10-08-2025  , 10   , 30   , 2250.0  , 450
15-08-2025  , 4    , 10   , 800.0   , 400
25-08-2025  , 7    , 20   , 220.0   , 480
25-08-2025  , 1    , 100  , 8000.0  , 360
25-08-2025  , 1    , 100  , 8000.0  , 260
